train:
  train_the_pile_unzip_arxiv: 0.0012046169821426883
  train_the_pile_unzip_freelaw: 0.001454510048554701
  train_the_pile_unzip_nih_exporter: 0.001231640306882902
  train_the_pile_unzip_pubmed_central: 0.003108561825532002
  train_the_pile_unzip_wikipedia_en: 0.01593264140324679
  train_the_pile_unzip_dm_mathematics: 0.00031106907908634156
  train_the_pile_unzip_github: 0.00022861228152440253
  train_the_pile_unzip_philpapers: 1.329107360676338e-05
  train_the_pile_unzip_stackexchange: 0.00029547405933203174
  train_the_pile_unzip_enron_emails: 0.0016691646199353991
  train_the_pile_unzip_gutenberg_pg_19: 0.001612531300038395
  train_the_pile_unzip_pile_cc: 0.8701291419934237
  train_the_pile_unzip_ubuntu_irc: 0.06417728505869834
  train_the_pile_unzip_europarl: 2.9166170357771267e-06
  train_the_pile_unzip_hackernews: 0.011925517591888925
  train_the_pile_unzip_pubmed_abstracts: 0.02424425081714838
  train_the_pile_unzip_uspto_backgrounds: 0.0024587749419225434
valid:
  valid_the_pile_unzip_pile_cc: 1.0
model_name: tinyllama_1_1b
